Configuration,TrueModelUpDown,TrueLocationP,TrueLocationQ,P0,Q0,P1,Q1,P2,Q2,P3,Q3,P4,Q4,P5,Q5,P6,Q6,P7,Q7,P8,Q8,P9,Q9
8,0,413,350,426,317,336,345,584,351,315,264,411,345,195,270,406,482,502,275,466,226,285,335
8,0,403,350,406,279,413,493,469,373,270,275,403,433,317,434,517,440,409,481,279,394,325,213
9,0,389,348,450,451,406,226,294,481,430,244,392,233,537,211,396,405,232,404,408,400,557,297
8,0,386,350,470,254,576,271,441,185,495,207,432,531,517,371,370,313,289,328,294,308,350,402
9,1,372,450,397,360,425,324,216,346,308,503,354,320,320,399,415,317,387,482,409,297,386,745
8,0,440,350,652,404,376,219,342,487,440,302,281,359,621,515,436,226,541,442,372,303,323,343
8,0,431,350,500,196,486,356,496,435,443,281,371,253,384,522,455,403,447,234,492,491,388,264
8,0,435,350,424,359,561,502,457,328,392,264,457,379,597,409,428,370,649,367,468,174,394,129
9,1,396,450,361,539,546,638,217,528,179,502,696,551,497,436,356,547,440,396,283,390,434,475
8,0,395,350,436,572,392,320,577,278,340,359,101,393,412,220,341,230,277,282,563,326,282,388
9,0,431,326,583,458,464,377,426,387,456,242,373,338,492,430,415,267,547,501,291,163,475,438
9,0,426,337,395,384,444,403,606,363,355,307,578,280,351,336,564,329,359,385,547,354,305,176
9,0,370,329,289,386,595,365,491,168,311,302,375,466,418,317,189,176,339,439,300,89,369,273
9,1,391,450,182,448,209,307,414,318,444,445,554,554,484,469,319,332,490,423,314,263,366,638
9,1,376,450,578,405,492,407,335,453,335,415,140,432,263,354,321,436,382,463,322,409,466,297
8,0,432,350,476,391,391,352,425,406,602,146,459,184,457,371,590,472,321,410,427,364,275,388
8,1,397,450,256,127,413,317,287,446,203,278,316,429,419,503,476,577,324,433,350,479,321,595
9,1,367,450,300,635,371,462,463,274,89,374,359,350,222,331,214,387,155,351,321,399,280,399
8,1,429,470,388,359,501,426,485,638,447,356,449,540,437,576,524,746,418,569,448,197,498,586
9,1,443,450,539,306,360,327,501,258,442,469,481,546,471,349,346,458,418,350,581,385,271,428
9,0,369,326,511,343,411,193,307,311,454,227,356,270,250,488,443,432,300,249,537,407,279,336
9,0,396,350,314,382,195,603,402,149,413,246,347,286,367,248,510,607,473,350,475,356,480,224
8,1,388,452,472,578,401,378,350,522,372,481,320,407,233,549,269,415,338,394,365,385,564,415
8,1,425,462,482,416,479,509,633,404,415,480,432,569,238,727,355,483,303,606,527,446,515,586
8,0,419,350,306,303,426,358,388,309,519,339,464,211,486,487,498,458,249,285,160,449,606,294
8,1,385,454,431,426,243,389,441,374,342,445,267,465,462,360,425,494,349,450,321,267,524,669
8,0,378,350,408,291,432,263,367,289,258,273,383,216,446,596,316,386,469,391,393,466,296,507
8,0,398,350,396,406,410,503,385,412,426,553,437,202,411,358,474,201,371,355,474,293,304,343
8,1,369,475,404,635,403,524,239,412,431,674,495,578,375,331,217,496,195,520,325,578,434,351
9,1,415,450,433,554,306,430,350,493,370,380,317,528,247,371,469,479,514,524,351,387,526,333
8,1,370,471,367,425,165,453,357,603,204,463,384,562,315,502,230,495,313,348,671,440,365,446
8,1,431,473,553,538,409,494,548,446,581,431,515,463,480,351,329,499,367,446,445,383,332,344
9,1,370,450,449,349,232,530,483,406,418,538,409,611,341,636,416,413,455,486,346,377,479,393
8,0,374,350,396,300,451,189,218,257,389,355,291,382,366,154,299,379,326,195,342,253,345,422
8,0,380,350,328,345,199,400,339,262,430,473,357,326,424,264,395,196,475,572,419,396,452,352
9,0,374,337,347,126,442,347,204,231,412,151,389,412,225,233,485,369,390,474,371,323,437,239
8,1,369,476,473,521,517,500,380,256,235,628,378,457,399,481,349,552,460,510,342,459,338,431
9,0,375,338,495,366,292,419,385,299,306,363,383,201,381,458,507,484,251,370,364,420,259,415
9,1,398,450,347,333,426,305,435,423,367,517,369,461,244,421,396,510,326,536,527,299,463,375
8,0,385,350,432,440,254,282,331,531,437,418,469,231,238,219,357,362,489,286,481,337,275,157
9,1,422,450,437,326,354,301,401,513,422,538,448,468,395,480,180,575,323,388,505,507,456,339
8,0,417,350,378,517,291,142,439,342,154,378,267,302,553,406,433,432,327,427,388,399,294,340
9,1,355,450,460,461,482,510,304,440,266,394,190,367,237,507,419,367,365,417,307,573,372,518
8,1,423,460,425,442,382,584,444,406,355,481,441,596,222,444,508,471,195,484,273,451,581,584
9,1,422,450,448,427,539,610,498,459,472,492,203,609,363,471,422,354,363,426,547,445,510,361
9,0,382,344,356,375,448,419,312,335,352,425,298,124,382,283,350,227,163,334,666,303,485,281
9,1,435,450,492,325,478,427,321,316,321,487,364,646,483,507,469,289,482,339,592,367,255,350
9,1,365,450,457,449,243,400,569,327,312,490,596,576,324,679,444,442,490,528,298,562,298,260
9,1,405,450,379,597,434,623,235,494,280,357,312,577,422,434,526,423,459,676,360,374,524,385
8,1,389,452,432,449,525,436,195,465,301,523,459,450,481,445,323,555,344,443,474,447,425,619
9,1,396,450,363,476,570,347,478,581,288,523,130,556,429,255,472,594,488,593,362,399,551,609
9,1,385,450,405,457,394,511,430,455,296,547,438,501,319,390,323,562,696,511,342,444,434,367
8,1,378,458,352,490,413,396,504,571,383,412,312,524,295,356,410,413,444,298,451,419,426,483
8,1,424,461,389,460,418,211,453,675,393,510,496,407,406,360,348,359,352,462,488,527,480,577
9,1,356,450,437,442,613,404,341,422,434,407,251,463,328,318,427,373,330,230,359,499,472,382
9,1,412,450,740,373,446,482,219,328,489,471,486,313,501,563,396,585,328,373,301,454,393,609
9,0,423,340,381,228,334,421,461,518,436,404,460,323,384,217,593,240,503,283,377,440,340,319
9,0,416,346,241,526,482,205,444,356,554,392,312,239,387,521,463,528,464,356,454,148,261,363
9,0,430,328,507,238,408,424,352,387,501,267,397,384,378,346,354,423,527,513,422,444,450,348
9,1,430,450,543,468,477,489,449,464,324,413,497,604,310,479,427,379,411,553,493,432,548,427
8,0,391,350,378,224,293,268,396,169,594,375,358,381,449,373,397,273,201,325,477,464,369,231
9,1,450,450,495,393,505,319,288,536,488,453,492,667,581,438,208,416,318,563,331,420,395,228
9,0,386,347,260,281,553,333,348,434,441,39,253,345,334,318,398,253,313,285,134,317,445,267
9,1,379,450,311,460,507,554,502,410,277,367,246,550,466,358,374,520,375,464,402,431,305,347
8,1,400,450,366,320,452,521,243,435,264,342,646,458,263,618,367,482,425,513,460,410,253,438
9,0,392,349,481,401,262,305,230,343,413,121,424,464,443,367,436,443,281,346,267,442,557,217
8,1,369,476,520,437,486,419,374,601,184,481,225,403,397,610,244,457,374,432,418,750,493,500
9,0,422,341,557,318,631,740,380,197,651,373,257,341,650,418,378,293,280,324,485,218,311,286
9,1,374,450,217,362,383,561,463,540,293,594,343,524,407,609,191,307,562,290,524,408,367,439
9,0,402,350,380,309,319,451,483,255,346,430,359,336,407,350,527,236,424,516,446,452,407,261
8,1,368,482,339,527,444,468,368,503,433,453,300,398,446,520,378,490,392,672,418,513,420,435
9,0,431,326,265,117,404,308,587,480,347,477,460,372,702,334,441,295,372,482,338,334,342,264
8,0,431,350,488,190,400,390,336,367,465,104,512,327,551,333,302,384,504,477,650,315,585,128
9,1,419,450,268,479,347,637,491,390,447,552,418,525,398,581,495,378,650,492,398,543,180,362
8,0,401,350,353,244,371,472,487,407,415,214,296,225,398,370,392,222,455,475,268,508,589,504
8,0,409,350,252,502,429,249,329,370,302,437,383,177,596,524,550,381,468,422,500,311,207,490
8,0,422,350,296,405,413,276,262,375,435,275,548,359,390,585,437,308,229,334,515,474,378,225
8,1,389,452,338,516,400,488,346,354,513,490,329,378,447,588,387,667,468,423,334,517,454,401
9,0,403,350,443,556,249,358,411,376,451,384,377,420,292,396,322,308,477,284,511,303,496,424
9,0,376,339,177,361,456,303,143,447,494,491,259,260,376,255,331,355,314,338,525,278,359,441
8,0,426,350,482,162,499,307,421,434,336,202,233,139,558,325,388,422,410,385,416,325,517,529
8,1,422,459,415,458,490,393,351,504,464,618,489,475,494,575,408,309,359,245,537,374,376,550
8,0,397,350,462,301,567,430,219,311,370,400,466,425,434,549,313,411,636,313,528,302,305,232
8,0,369,350,241,384,283,303,475,296,368,364,380,394,373,473,410,552,299,312,348,352,392,375
9,1,351,450,283,630,371,446,509,527,298,480,421,510,293,386,322,361,232,607,202,371,210,380
8,1,387,453,334,455,391,524,428,497,303,454,170,364,252,451,312,671,295,576,396,405,124,457
8,1,431,475,447,594,556,419,467,561,343,588,360,473,514,478,489,507,488,494,257,612,342,583
9,1,425,450,305,289,385,627,479,631,326,418,528,227,502,529,320,495,367,494,320,556,454,364
8,1,370,470,346,416,348,304,391,418,294,345,533,497,453,395,376,438,379,544,208,476,509,481
8,0,426,350,476,337,528,353,456,303,500,427,516,436,432,371,527,363,475,403,439,433,394,269
9,0,393,349,345,367,434,341,299,387,354,434,187,309,427,329,517,425,313,375,372,241,478,357
8,0,350,350,335,135,233,370,380,323,258,376,333,389,328,273,406,496,436,153,187,454,321,257
9,1,433,450,347,448,455,272,453,472,380,527,442,548,392,517,560,443,550,333,387,477,440,544
9,0,407,349,405,289,439,339,219,472,482,352,555,257,182,170,468,394,501,286,321,419,360,314
9,0,383,345,312,467,374,276,440,369,359,546,256,300,430,364,511,487,357,544,433,427,374,563
8,0,388,350,508,412,384,377,207,428,378,423,511,460,135,229,344,168,404,357,432,391,411,340
9,0,387,347,213,420,480,361,511,462,418,421,333,286,416,240,387,347,538,328,381,269,353,344
9,1,429,450,372,403,472,612,596,293,479,445,526,335,471,343,385,541,292,500,323,532,529,261
8,1,411,452,642,508,428,482,448,480,513,440,371,556,508,409,527,487,485,388,463,622,530,450
8,1,403,450,381,435,485,569,328,379,454,538,326,347,368,429,409,617,215,544,305,306,358,487
8,0,386,350,532,331,406,349,466,345,427,337,323,132,445,172,355,410,494,280,459,122,257,164
8,1,405,450,427,520,330,497,491,533,487,477,361,267,503,418,487,537,434,547,514,513,421,442
9,0,425,338,777,542,396,367,484,382,370,366,609,319,456,524,444,420,560,237,283,422,530,339
9,0,423,341,406,254,429,413,482,351,496,339,479,433,496,239,526,375,386,163,344,414,440,209
9,0,415,347,508,334,469,456,368,327,485,307,411,388,473,268,288,354,371,412,312,387,387,354
8,0,439,350,389,322,537,301,523,385,603,289,382,402,415,330,448,410,341,379,447,174,558,526
9,1,363,450,364,362,348,377,388,429,527,403,298,450,191,370,186,390,291,528,197,479,406,367
8,0,440,350,547,402,448,337,547,500,568,236,478,414,463,595,481,261,453,518,364,397,565,202
9,1,413,450,321,622,250,506,384,211,307,424,422,287,387,496,557,395,561,491,575,288,450,423
9,0,406,349,509,543,306,389,358,299,516,410,584,229,308,282,243,473,330,413,439,359,325,362
8,1,431,475,532,618,446,494,381,392,462,496,88,612,310,463,573,542,361,335,474,498,344,433
8,1,421,458,428,531,400,595,593,658,538,515,339,449,397,233,364,506,584,617,252,550,404,248
9,1,353,450,243,579,287,414,395,436,355,519,382,644,483,542,306,499,170,668,395,325,510,508
9,1,355,450,546,682,321,378,502,358,404,332,275,370,236,485,284,482,516,381,344,522,430,168
8,0,441,350,596,132,496,375,419,260,363,445,462,323,237,314,293,502,470,425,492,384,411,257
9,1,432,450,359,547,322,443,442,503,391,483,384,407,409,293,423,451,635,405,601,479,432,492
8,0,381,350,156,104,361,322,477,356,358,378,300,334,445,194,426,282,401,224,495,348,466,244
8,0,413,350,527,418,375,190,258,305,407,401,221,227,538,200,480,401,338,495,355,362,647,266
8,1,416,454,262,482,417,394,414,425,422,203,325,686,549,379,472,296,516,453,602,354,385,518
8,0,447,350,475,431,637,349,558,359,272,345,504,389,439,310,661,399,549,350,478,418,378,426
9,1,409,450,484,413,399,567,387,388,480,695,423,652,505,438,424,480,507,367,222,223,497,415
9,0,381,344,299,313,528,424,309,246,356,356,308,282,264,229,419,249,413,275,182,264,451,411
8,0,418,350,519,438,409,444,431,613,418,348,429,366,290,295,415,372,589,347,462,435,516,308
8,0,353,350,416,379,451,318,480,226,346,319,222,400,378,474,535,438,263,458,440,436,247,401
9,1,443,450,433,400,515,614,328,517,297,431,387,467,338,220,516,400,366,549,526,567,615,599
9,1,414,450,264,425,325,486,304,450,304,493,476,456,431,629,405,395,406,402,295,428,314,403
9,0,373,335,389,435,528,216,479,471,502,308,495,383,630,341,347,542,329,450,338,315,535,478
8,0,379,350,307,377,355,225,490,230,379,422,392,319,359,218,210,354,400,307,487,436,419,290
8,1,422,459,449,383,482,490,429,535,302,524,374,259,689,412,528,568,398,294,518,532,272,668
9,1,366,450,362,495,446,471,537,543,320,356,449,493,307,527,453,431,307,355,511,367,387,554
9,0,410,348,417,383,380,471,388,240,375,320,470,475,460,425,478,272,393,341,468,269,549,389
9,0,370,329,247,458,289,336,516,296,493,406,391,359,295,330,330,186,259,186,457,236,404,388
8,0,365,350,536,199,563,236,313,377,462,457,231,501,540,397,335,352,418,379,378,533,381,366
8,1,413,453,237,359,223,339,458,604,300,546,550,365,317,502,374,546,441,382,512,470,326,543
9,1,443,450,404,584,410,337,421,242,555,466,394,334,603,517,419,547,391,417,601,426,506,546
8,1,430,472,450,445,498,407,261,422,235,672,260,616,417,416,536,502,389,372,549,506,442,371
9,1,388,450,395,432,425,265,283,377,383,454,351,334,394,413,394,438,348,512,445,427,440,454
9,0,389,348,448,414,373,346,238,363,631,260,444,457,341,389,526,466,440,473,474,463,213,252
9,1,371,450,267,652,370,702,484,333,255,261,301,489,173,404,350,441,363,418,359,309,263,409
8,0,392,350,373,397,333,242,474,281,337,487,330,279,469,383,446,399,476,136,469,216,382,195
8,1,419,456,488,374,560,266,457,495,436,630,449,560,408,483,374,448,528,588,383,504,240,610
8,1,429,468,401,641,305,474,338,520,473,384,340,399,333,350,250,522,427,273,421,568,452,251
8,0,356,350,338,444,383,369,307,374,249,381,332,318,365,356,327,313,376,382,331,281,285,534
9,1,359,450,273,445,342,333,390,398,408,277,369,467,331,315,164,418,314,670,109,364,599,392
9,1,392,450,379,559,277,421,422,531,439,618,321,517,281,254,381,359,548,499,116,316,657,475
9,0,381,343,509,345,596,321,447,289,530,287,415,319,258,410,439,279,166,170,595,440,331,385
8,0,432,350,358,441,209,461,361,324,300,314,304,337,374,354,134,363,557,413,554,446,638,439
8,0,394,350,320,312,399,330,330,303,238,351,438,276,369,460,379,441,226,489,522,400,635,431
9,0,368,319,428,291,378,362,375,286,498,250,303,248,285,278,405,321,408,320,230,404,410,302
8,0,375,350,229,265,364,303,237,443,322,299,203,355,443,269,353,333,488,596,373,443,520,468
8,1,407,451,435,451,573,492,261,473,419,444,432,464,268,623,496,479,515,387,330,477,478,552
8,1,414,453,253,487,373,442,395,386,284,543,333,310,436,450,533,563,413,524,364,492,473,575
9,1,394,450,365,455,436,340,439,352,367,497,335,380,383,535,308,267,323,541,300,479,188,312
9,1,365,450,397,554,344,773,400,207,402,494,371,394,259,434,492,307,539,349,467,726,285,691
8,1,391,451,281,393,417,294,574,449,598,456,253,455,346,570,518,465,227,584,432,356,527,580
9,1,444,450,607,492,401,439,478,469,490,445,468,598,453,428,444,645,421,562,346,422,293,358
9,1,393,450,268,560,172,583,396,556,532,521,500,428,228,471,303,471,481,526,371,550,514,424
8,1,432,477,378,557,510,709,301,495,485,377,518,461,294,421,423,368,313,426,343,482,509,416
8,0,381,350,403,516,376,540,231,560,457,278,439,406,266,445,350,399,298,281,316,190,256,320
8,1,381,457,217,498,500,265,504,230,430,438,366,432,371,500,445,358,394,521,272,284,352,445
8,0,395,350,202,454,470,300,341,289,421,350,222,545,428,452,280,479,454,305,352,391,420,359
9,1,431,450,423,322,453,396,360,543,354,423,517,457,531,548,486,541,398,427,591,407,444,285
8,1,429,468,419,651,344,583,375,347,428,472,608,468,554,483,472,511,330,569,277,452,490,629
9,0,414,347,336,382,464,301,309,471,206,447,458,359,242,588,467,159,421,408,490,350,517,258
8,1,378,459,459,475,331,457,387,518,487,410,410,331,176,295,503,620,378,416,546,326,353,473
9,1,435,450,641,211,398,349,369,479,580,404,600,559,497,395,398,425,320,553,598,289,595,398
9,1,356,450,438,485,395,666,365,427,353,406,365,550,256,355,354,420,559,444,363,496,306,482
8,0,388,350,240,407,448,274,350,342,394,373,393,363,371,556,355,393,516,309,296,305,294,281
8,1,370,473,378,657,242,393,244,356,518,450,580,396,404,438,258,515,342,563,299,363,60,399
9,0,370,329,395,317,323,340,630,412,441,463,383,327,426,318,279,407,567,319,274,319,280,447
8,1,371,468,498,480,355,402,448,476,343,516,550,473,180,571,265,377,335,646,471,538,190,670
8,0,385,350,345,492,487,246,428,276,345,212,263,356,189,429,440,410,515,411,527,353,358,332
8,0,389,350,447,376,594,396,507,323,474,283,445,359,360,507,360,346,360,316,276,347,304,336
8,1,413,453,292,351,269,451,252,374,369,578,518,538,424,605,464,450,354,711,345,428,466,593
9,0,399,350,433,367,446,496,294,549,258,358,415,348,415,374,450,215,382,244,463,564,712,479
8,1,404,450,341,434,390,375,512,492,431,352,213,500,322,532,339,456,397,551,509,542,292,409
8,0,390,350,410,389,279,391,477,352,344,425,329,296,475,444,502,328,274,405,347,385,281,245
9,1,384,450,421,409,357,302,591,254,293,503,279,381,340,342,441,459,304,402,461,441,594,513
9,1,382,450,606,263,271,543,294,517,600,433,573,425,334,388,558,427,542,480,359,472,447,458
9,1,371,450,496,632,522,524,300,489,423,395,234,577,412,367,359,577,270,340,428,457,448,402
8,1,431,475,403,389,484,433,508,545,307,400,314,314,482,358,316,646,391,479,555,370,321,491
9,0,386,347,181,431,408,227,490,243,341,317,313,577,396,196,332,175,345,412,465,285,300,434
9,0,431,325,512,602,415,403,313,375,605,398,528,171,643,196,526,340,355,242,386,130,425,172
8,0,400,350,127,332,439,272,485,557,294,292,301,611,360,289,411,568,521,452,362,324,350,378
8,1,421,458,435,518,368,555,477,434,422,360,451,429,580,490,521,432,623,539,368,206,516,554
9,0,414,347,396,567,492,134,451,321,289,367,520,67,319,411,408,498,261,468,556,262,432,439
8,0,404,350,317,331,456,300,418,415,438,376,275,307,552,480,568,387,494,499,373,345,581,635
8,0,368,350,336,410,484,444,495,404,424,340,450,296,277,403,293,335,386,223,361,571,276,142
8,1,395,450,466,408,376,381,413,457,323,415,381,613,373,567,497,401,229,628,410,388,204,350
9,0,377,340,321,457,378,353,433,281,517,192,405,271,317,213,407,259,416,533,361,334,423,188
8,1,422,459,449,505,303,319,274,604,428,352,398,430,687,384,417,467,446,488,507,336,542,453
9,0,419,344,385,316,544,330,358,372,474,321,458,279,411,411,596,413,397,386,338,351,405,350
8,0,427,350,419,312,420,488,450,281,420,292,485,337,398,351,527,381,553,502,316,401,522,392
8,1,417,455,509,282,402,438,640,618,459,409,582,467,386,363,349,519,364,437,217,343,629,596
8,1,369,473,431,428,334,476,351,707,409,338,307,605,507,431,418,569,206,378,426,430,292,612
8,1,368,477,365,452,344,648,301,518,323,577,264,378,396,499,327,495,369,530,391,422,426,441
9,1,445,450,397,528,539,578,323,434,388,596,209,484,603,483,457,378,464,494,460,439,397,374
9,1,439,450,646,566,448,445,376,430,456,691,461,328,444,514,318,429,369,467,453,458,506,429
9,1,443,450,545,398,347,492,524,552,594,622,482,310,574,450,516,526,331,575,417,384,637,387
9,1,442,450,470,704,491,395,505,454,453,267,486,458,371,532,411,433,458,528,557,568,633,519
8,1,400,450,474,564,268,340,488,392,346,452,361,420,433,331,315,337,459,602,444,553,356,456
8,1,422,459,531,426,572,450,583,584,638,363,608,438,347,509,448,455,387,426,496,292,535,584
9,1,397,450,375,520,418,282,301,298,416,369,377,616,445,328,358,434,299,432,203,408,592,316
9,1,372,450,555,345,353,540,343,445,295,504,199,419,322,353,284,481,289,359,365,424,531,112
9,0,381,344,381,458,322,216,233,357,380,219,397,286,504,319,435,341,419,292,285,424,418,421
8,1,374,464,357,451,453,484,352,425,417,406,402,466,388,277,304,485,490,627,284,292,621,487
8,0,394,350,428,311,559,278,486,490,389,569,386,563,99,397,422,325,285,514,339,231,429,438
9,1,357,450,399,502,238,379,470,440,463,385,414,503,194,411,494,483,274,368,577,464,240,543
8,1,426,464,154,474,462,272,414,474,426,434,505,559,603,342,598,477,340,459,481,306,383,617
8,0,409,350,428,411,346,554,384,371,473,272,403,276,614,333,256,358,324,263,224,462,415,430
8,0,381,350,575,358,311,195,483,221,274,295,544,417,529,405,426,290,588,382,514,281,248,366
9,1,363,450,364,483,325,487,357,403,506,615,255,627,389,408,308,425,296,510,374,328,233,547
9,0,384,346,209,410,458,440,488,369,486,312,377,413,547,312,424,164,242,154,482,426,304,145
8,1,427,465,354,490,440,483,178,550,432,534,587,402,441,463,544,439,479,352,229,339,277,650
9,0,423,340,423,244,487,354,607,380,475,374,312,398,333,408,365,365,604,346,457,285,445,244
9,1,407,450,343,316,476,539,481,575,442,547,377,558,311,505,531,308,219,363,371,705,461,562
8,0,360,350,454,266,543,357,487,488,396,439,371,208,274,410,298,387,322,442,282,441,532,362
8,1,410,452,406,422,499,538,377,521,425,492,285,460,314,438,394,241,569,533,194,466,380,426
8,0,368,350,360,515,423,409,411,300,229,413,295,516,255,528,369,363,362,343,393,229,287,294
9,0,388,348,564,314,294,403,285,468,345,508,394,293,600,527,620,465,342,322,272,409,324,360
9,1,415,450,214,615,436,497,393,481,408,546,407,437,443,549,423,328,303,493,226,486,497,511
8,0,412,350,682,318,487,448,371,450,332,473,463,337,322,340,241,484,333,283,375,257,289,318
9,0,416,346,370,398,331,284,337,350,448,376,512,180,376,362,498,330,339,253,524,251,440,387
9,0,432,321,434,208,579,400,430,386,353,233,507,271,244,201,436,203,502,431,395,290,592,395
8,1,401,450,332,502,497,466,473,393,301,573,626,504,414,375,546,444,526,473,266,517,441,542
9,0,371,332,425,247,650,406,441,243,334,160,269,297,384,216,300,287,540,330,390,353,342,365
9,1,356,450,446,584,361,474,587,496,182,634,379,463,346,396,389,662,406,452,175,410,470,324
9,0,377,340,252,246,329,310,162,439,251,195,514,436,399,313,367,357,379,442,266,339,461,223
8,0,392,350,233,237,365,507,324,493,354,250,507,239,456,273,405,335,258,206,244,426,449,340
8,0,412,350,323,302,311,294,297,215,509,405,434,350,425,345,496,538,583,572,482,372,526,426
8,0,372,350,315,423,400,348,220,287,320,356,436,313,466,468,639,122,372,247,350,321,431,397
8,0,400,350,370,324,484,291,433,347,351,234,491,475,339,280,518,393,572,252,466,39,419,349
8,1,428,468,337,603,552,489,370,447,439,393,512,518,578,524,433,613,381,427,585,512,401,350
9,0,386,347,339,290,240,271,500,435,348,314,507,346,474,338,371,178,281,391,592,298,502,238
9,0,394,349,256,375,374,414,435,353,470,351,331,329,353,167,380,359,230,401,332,331,409,374
8,1,370,472,330,563,421,464,373,660,526,550,365,454,429,393,421,561,311,546,164,449,324,421
8,0,424,350,367,358,601,257,621,218,278,318,372,321,417,363,564,335,235,260,224,168,635,390
8,1,400,450,430,452,264,251,373,365,188,431,515,425,402,621,469,556,282,240,544,396,420,378
9,0,407,349,453,628,451,368,501,318,456,232,430,307,430,333,570,418,430,370,454,383,309,314
8,0,364,350,184,393,396,301,492,276,357,372,266,308,484,358,473,357,226,470,532,530,294,635
8,1,429,469,484,608,235,470,606,549,465,419,598,374,315,280,471,210,433,400,254,711,452,476
8,1,430,470,393,637,327,420,478,393,246,143,340,497,252,523,546,328,443,534,696,494,478,345
8,1,432,480,332,540,556,611,380,452,590,460,387,372,444,493,443,471,134,358,166,429,466,486
8,0,413,350,529,542,464,196,281,422,484,261,481,284,337,498,407,537,420,465,432,374,579,279
8,1,371,468,407,399,300,492,229,471,342,331,413,561,549,670,141,413,390,656,308,423,231,389
8,0,391,350,353,311,447,251,432,365,421,302,388,486,558,316,438,376,547,315,263,210,456,315
9,0,389,348,496,402,397,274,389,244,236,494,467,393,309,513,371,304,435,327,363,498,437,490
8,0,385,350,312,345,259,329,387,327,393,392,294,264,428,253,492,271,429,572,276,303,352,397
9,0,400,350,378,234,345,329,419,404,248,191,537,281,242,404,441,214,407,311,501,433,498,299
9,1,385,450,415,335,332,419,244,362,275,423,541,642,392,371,579,270,266,449,482,386,372,465
8,1,369,473,270,383,532,511,365,532,357,516,408,483,473,510,417,534,554,356,517,689,551,445
8,1,381,456,323,484,466,438,377,520,546,606,429,422,338,571,448,508,264,630,409,546,343,522
8,1,432,480,521,544,309,556,292,325,500,255,419,419,591,533,414,482,427,487,520,381,347,511
8,1,425,462,495,416,326,568,472,209,465,471,318,473,427,379,465,483,376,526,385,720,398,355
8,0,373,350,498,169,402,305,349,131,434,279,188,92,260,403,336,460,333,342,510,398,190,278
9,0,399,350,385,219,341,214,461,323,516,205,366,308,373,459,215,490,603,388,430,165,502,395
8,1,429,469,436,380,475,631,304,310,421,608,629,440,580,296,407,436,446,458,402,254,535,428
9,0,383,345,564,171,339,519,436,311,335,388,541,376,365,355,462,373,506,311,462,469,365,348
8,1,431,474,482,484,351,476,273,356,271,387,509,484,372,666,357,391,489,341,641,352,284,510
9,1,423,450,498,465,432,407,532,442,458,468,434,333,577,572,265,488,519,379,374,374,403,474
8,1,403,450,468,492,251,392,466,475,267,273,285,446,452,471,492,538,294,466,89,502,382,334
8,0,416,350,512,565,342,377,454,494,614,491,299,408,479,425,283,561,532,173,562,338,494,240
8,1,429,470,436,549,424,501,303,521,436,564,367,580,301,470,405,535,250,450,320,577,568,399
8,1,431,476,521,471,551,472,505,500,396,378,509,531,620,534,259,525,403,409,361,298,392,443
8,1,369,475,324,402,238,498,362,566,381,495,356,668,259,371,360,713,261,411,505,466,288,316
9,0,373,334,456,459,327,437,514,331,288,340,433,279,569,282,301,183,192,405,446,388,215,494
9,0,368,320,353,201,392,352,279,510,438,578,453,341,270,477,389,299,472,289,418,404,438,164
9,0,430,330,455,620,318,118,573,315,410,334,422,211,184,417,339,262,522,320,536,216,637,372
9,1,433,450,397,385,403,349,322,486,550,450,467,416,431,475,378,654,412,430,311,484,386,401
9,0,397,350,389,194,329,350,330,482,492,169,470,404,302,360,423,394,398,355,394,485,351,416
8,0,401,350,555,255,544,305,269,180,392,302,434,533,353,178,405,501,464,453,369,296,446,374
9,0,431,326,509,265,352,395,433,369,327,341,448,160,438,282,434,192,340,369,347,208,244,148
9,1,368,450,344,404,317,522,385,501,544,338,309,285,388,571,310,543,345,513,407,433,201,511
8,1,387,453,433,570,381,473,572,377,383,505,445,435,510,479,267,362,163,529,315,555,290,491
8,1,423,459,442,427,415,566,484,523,665,284,293,382,460,211,519,350,323,574,343,462,399,268
9,1,401,450,479,292,379,463,452,520,337,364,432,286,410,416,432,406,332,529,499,423,366,462
9,1,416,450,480,526,405,433,457,545,444,517,436,616,341,374,318,300,398,98,454,476,477,589
8,0,417,350,311,415,418,436,312,532,451,339,173,358,323,393,452,443,412,396,362,412,354,476
8,0,405,350,406,669,458,376,272,297,379,316,334,475,382,333,393,290,468,376,437,263,332,430
9,1,423,450,465,433,445,284,414,562,305,439,469,332,428,509,496,519,326,490,288,398,482,415
8,0,397,350,553,369,342,369,336,416,539,333,197,248,509,392,401,480,576,250,533,338,260,314
9,1,408,450,503,234,333,627,442,489,458,456,510,454,363,443,207,485,566,328,123,382,369,295
8,1,376,461,347,488,335,515,267,601,368,525,408,484,431,407,325,424,148,522,277,474,401,363
8,0,405,350,460,354,405,434,270,561,347,252,566,220,363,332,450,307,320,381,246,529,505,116
8,1,398,450,401,461,271,348,581,438,418,425,439,518,365,344,411,414,337,388,435,644,319,505
9,1,423,450,394,573,266,363,396,408,495,349,210,515,557,752,498,494,443,353,396,483,391,478
8,1,408,451,222,384,302,404,565,614,217,487,173,477,352,415,202,504,450,645,411,573,304,382
8,0,373,350,259,437,367,144,248,479,473,320,364,594,306,226,425,426,434,477,393,182,449,236
9,0,429,332,429,119,392,380,515,248,389,412,398,308,475,419,512,221,397,266,255,277,616,162
8,0,416,350,406,370,296,231,472,469,348,291,486,417,652,342,342,278,337,418,179,409,549,288
8,1,413,453,363,459,443,663,655,520,376,546,479,516,365,401,347,398,436,414,386,609,414,506
8,0,409,350,386,277,456,336,230,399,265,382,446,269,412,283,118,176,254,582,391,352,290,403
9,0,429,332,331,155,584,287,458,306,365,467,374,297,566,318,526,445,461,237,258,315,401,334
8,0,382,350,263,316,218,267,317,341,433,232,333,448,556,317,485,445,189,328,355,297,237,345
8,1,401,450,502,671,452,358,423,504,387,441,466,448,563,471,409,478,463,439,386,389,359,337
8,0,365,350,351,239,322,479,364,299,292,252,382,454,470,437,477,290,367,458,380,203,278,409
8,0,370,350,263,391,309,425,433,314,516,270,419,327,458,277,300,490,332,360,411,259,393,376
8,0,422,350,578,285,476,433,346,281,497,332,535,400,294,415,440,393,515,286,316,441,346,381
8,1,368,480,334,291,510,407,358,428,351,526,535,452,287,339,449,690,335,397,434,378,312,399
8,1,404,450,394,478,444,404,266,432,774,570,359,506,307,335,461,485,436,391,506,394,529,590
8,1,429,468,327,453,255,589,429,299,391,349,280,438,281,575,318,540,508,598,437,523,374,515
9,0,424,339,357,347,338,367,571,426,551,330,339,288,422,402,405,222,416,175,636,307,478,429
8,0,406,350,180,360,254,460,503,321,529,323,353,528,361,413,532,476,489,267,269,257,538,408
9,1,355,450,356,546,373,293,396,407,447,474,248,425,273,505,142,298,467,536,389,359,366,362
9,1,418,450,353,548,515,408,483,413,309,631,380,614,374,540,540,689,386,443,323,407,498,566
8,1,422,459,451,573,482,435,269,512,365,435,559,477,476,366,480,310,476,427,412,396,277,444
9,0,424,340,340,334,263,342,353,348,442,207,471,455,402,318,568,325,419,192,573,408,491,295
9,1,361,450,492,348,337,494,535,326,299,274,430,411,298,452,461,517,439,487,152,383,351,681
9,0,370,329,209,416,349,267,432,282,438,475,275,185,472,295,387,333,135,106,253,416,301,452
9,1,383,450,395,356,466,442,452,281,256,407,440,382,266,620,383,377,449,711,422,322,307,433
9,1,436,450,450,492,367,318,369,352,435,265,470,576,368,560,324,419,496,512,583,427,362,341
8,1,370,471,418,642,298,476,334,468,420,688,432,417,208,462,434,372,325,589,363,344,361,593
8,1,428,467,397,534,512,523,584,540,475,565,491,399,499,415,385,702,597,408,403,269,488,411
8,0,415,350,412,343,318,505,465,252,515,281,418,388,451,307,213,302,489,398,264,395,554,308
9,0,399,350,478,247,402,459,400,267,288,151,499,316,473,318,564,297,327,342,333,365,540,420
9,0,429,330,524,496,562,327,376,239,429,381,426,317,455,269,438,480,482,157,372,241,406,368
8,0,363,350,229,172,401,551,435,384,250,454,310,348,331,216,453,190,219,352,432,351,437,194
9,1,417,450,382,525,341,421,465,244,266,412,325,530,273,500,465,458,346,288,369,481,350,370
9,1,387,450,299,502,408,481,412,569,527,414,367,487,595,438,514,427,401,531,435,388,429,479
8,0,420,350,532,503,364,307,284,422,493,350,565,420,441,387,319,338,490,395,427,385,372,239
8,1,374,463,438,330,396,710,215,476,513,431,322,533,262,565,182,487,135,474,466,499,166,395
8,1,401,450,396,400,420,546,462,639,609,470,383,392,309,458,496,446,507,608,512,702,464,393
8,1,428,467,257,629,388,287,373,443,405,517,489,529,363,529,458,366,471,470,562,540,532,451
8,1,409,451,433,544,467,244,350,591,405,401,389,514,522,654,658,260,198,378,394,377,351,497
9,0,380,343,343,403,325,220,260,225,391,437,289,470,457,500,356,320,221,405,429,381,371,283
9,1,450,450,536,546,499,151,452,543,389,385,575,354,440,529,278,244,289,648,651,598,450,471
8,0,395,350,382,357,263,395,188,332,309,334,459,192,518,371,348,379,167,333,331,318,629,311
9,0,428,333,435,158,274,315,420,391,475,324,498,278,335,370,588,216,279,333,308,172,351,359
8,1,370,472,432,601,295,465,305,567,513,325,419,364,451,531,152,413,520,291,193,598,206,539
8,1,369,477,255,522,307,467,333,563,322,288,234,515,452,626,414,331,315,428,390,302,450,364
9,1,402,450,427,416,272,406,419,573,511,439,272,539,252,502,445,561,515,481,566,357,420,381
8,0,403,350,417,193,378,497,294,293,309,145,413,273,565,467,466,381,356,201,376,285,354,403
8,0,379,350,496,481,483,377,454,267,514,374,514,416,463,346,238,434,518,242,475,290,527,317
8,0,409,350,302,272,201,431,361,408,284,415,336,360,408,298,427,405,339,498,225,291,427,293
8,1,371,469,379,578,235,499,576,554,560,532,395,579,391,516,446,474,248,459,445,458,306,419
8,1,428,467,494,267,601,479,462,543,475,494,261,335,526,470,579,589,476,488,293,591,319,511
9,0,431,325,515,262,528,236,377,122,266,280,358,202,527,345,549,221,570,182,496,278,494,253
9,1,359,450,484,453,450,485,378,535,298,601,337,336,354,439,231,380,284,535,319,326,376,439
8,1,429,469,295,433,502,638,363,599,480,395,427,632,394,513,451,506,472,481,442,637,314,556
9,0,385,346,229,276,478,426,352,588,352,286,404,187,465,239,604,282,379,465,431,358,338,445
8,0,448,350,652,187,583,209,390,250,541,340,511,173,388,200,434,341,433,313,441,377,402,460
8,0,360,350,385,436,389,418,347,298,139,465,279,387,349,526,478,362,415,288,250,398,441,330
9,1,401,450,346,493,389,297,386,427,422,453,320,640,376,437,449,542,424,345,244,331,357,457
9,0,368,322,235,151,427,221,391,448,401,477,215,365,325,41,345,522,299,366,428,176,107,545
8,1,383,455,377,411,543,537,502,368,360,493,244,549,450,445,292,680,393,241,324,655,467,348
9,0,370,328,399,223,295,527,380,410,452,305,316,313,329,276,342,393,507,394,458,340,266,533
8,0,366,350,361,328,476,302,251,311,230,267,472,348,365,292,259,225,323,265,203,425,406,311
9,0,382,344,506,349,246,188,486,252,377,238,415,353,622,285,276,277,530,411,405,243,269,304
9,0,415,346,404,300,546,320,333,301,414,394,375,340,521,487,359,202,483,323,455,473,360,192
8,0,357,350,356,291,344,129,392,320,278,313,315,113,328,395,390,509,264,359,349,137,217,250
9,1,429,450,427,660,470,366,459,362,340,315,379,503,381,516,436,288,549,681,266,555,370,482
8,1,386,453,341,493,274,355,438,194,308,484,343,408,334,512,3,524,361,530,112,474,556,443
9,0,432,322,389,307,317,298,442,266,514,366,383,149,302,356,369,294,493,223,401,248,336,164
9,1,369,450,289,565,140,367,226,332,255,546,383,447,463,303,396,328,365,461,455,436,467,495
9,1,443,450,500,563,406,607,505,746,338,277,438,440,457,600,442,405,318,524,378,440,325,367
8,1,368,479,500,540,367,367,378,535,325,454,237,532,427,395,401,724,299,426,462,542,340,378
8,1,370,472,337,422,295,471,253,658,499,524,630,525,433,626,286,431,411,568,255,488,294,564
8,0,380,350,474,309,408,278,171,460,213,220,292,387,441,373,336,254,237,137,288,406,608,447
8,0,442,350,471,254,511,181,378,342,499,328,443,338,475,361,537,347,490,433,554,115,388,290
8,1,372,466,354,406,254,535,390,556,245,366,322,594,439,658,418,469,204,444,520,415,434,534
9,0,429,331,646,165,403,328,438,258,381,397,504,115,463,279,469,252,362,389,437,286,404,231
8,0,404,350,463,303,361,264,381,336,415,373,349,332,437,237,501,406,404,386,432,267,350,483
8,0,387,350,351,235,442,293,450,303,637,336,397,392,406,349,418,384,316,278,424,442,447,398
9,0,372,334,353,393,257,284,497,317,539,348,389,356,400,479,356,407,333,210,438,306,471,314
9,1,375,450,408,453,356,362,469,475,418,447,499,558,435,414,262,389,323,543,331,393,335,509
8,0,404,350,365,281,370,195,357,394,280,357,454,376,477,288,532,311,357,462,275,515,462,406
9,1,448,450,431,382,329,447,414,460,507,572,393,291,308,500,388,477,297,286,629,400,392,685
8,1,428,467,333,468,473,467,429,444,396,537,328,480,514,598,447,404,413,413,376,468,347,521
8,0,431,350,288,233,460,308,716,352,462,368,411,590,494,282,588,364,458,332,394,324,420,553
8,1,425,463,435,371,324,510,367,558,383,610,340,527,644,584,278,487,405,408,688,629,481,343
9,1,380,450,355,510,252,455,451,501,376,460,526,496,338,333,336,311,364,517,265,328,271,556
8,1,369,474,292,555,224,457,463,574,574,607,458,383,446,560,376,581,325,664,260,424,385,348
9,1,432,450,483,496,528,431,421,191,437,652,236,413,384,513,508,278,431,530,490,476,517,668
9,0,393,349,539,282,315,323,391,379,460,320,569,400,430,678,258,220,453,494,485,360,376,309
9,0,431,326,528,278,347,338,533,408,457,327,485,107,429,328,559,294,515,236,350,379,213,425
9,1,364,450,318,455,317,440,452,374,394,596,250,322,376,293,260,488,539,428,219,439,213,512
8,0,406,350,619,293,527,298,503,181,293,303,260,390,443,365,372,275,549,172,355,275,379,184
9,0,385,346,379,298,300,341,330,242,310,403,413,374,372,524,416,422,487,396,381,557,321,231
8,1,431,476,422,507,430,572,252,465,420,518,585,335,372,437,480,296,216,565,332,402,524,596
8,1,417,455,505,340,285,457,417,458,428,476,294,545,489,474,407,463,441,350,423,398,506,576
8,1,414,453,526,372,364,542,297,370,364,588,410,515,409,406,576,507,511,380,583,431,595,489
8,0,396,350,329,320,481,293,295,300,292,494,418,481,237,439,437,475,353,353,318,377,262,285
8,0,436,350,390,154,402,369,460,380,349,239,556,454,273,443,473,406,462,396,364,546,425,383
9,1,432,450,311,579,307,343,235,347,289,244,398,290,330,503,576,463,376,459,475,482,414,240
9,0,382,344,332,359,282,273,484,317,305,244,258,149,368,311,412,365,353,278,396,443,317,425
9,1,441,450,460,481,526,399,298,565,288,363,398,358,596,461,337,413,380,534,389,396,503,335
8,1,381,456,234,399,410,431,497,467,327,449,515,364,304,494,331,543,403,413,380,532,357,560
8,1,418,456,455,394,396,499,601,376,444,401,655,242,484,535,473,506,371,448,396,529,357,442
8,0,429,350,460,350,494,247,347,386,326,456,402,402,403,466,607,504,266,370,479,319,466,315
8,0,400,350,367,345,390,324,373,395,394,316,294,409,469,298,446,262,380,273,385,392,387,227
8,1,404,450,563,542,359,235,358,438,217,369,405,327,455,467,624,433,350,431,376,279,291,493
9,1,357,450,501,605,413,392,386,408,136,545,381,423,289,487,346,430,324,460,415,466,506,406
9,0,399,350,234,327,523,117,528,385,278,226,391,349,306,276,376,457,405,215,345,143,550,329
8,1,369,476,234,467,176,366,312,456,372,661,489,495,405,419,452,574,636,479,359,438,416,497
9,1,439,450,415,529,469,346,428,308,343,398,463,249,487,402,625,353,395,482,560,508,609,426
9,1,410,450,464,615,536,366,462,310,383,505,382,488,500,447,466,539,395,358,386,739,369,520
8,1,390,452,619,398,315,487,331,422,587,317,388,446,424,381,388,565,542,432,514,479,286,450
8,0,385,350,383,430,468,377,524,418,419,245,250,311,413,224,392,402,428,281,239,452,426,10
9,1,435,450,439,451,416,389,356,535,419,603,293,307,421,496,455,491,366,353,371,642,620,376
9,1,405,450,402,566,333,513,373,491,395,333,427,406,247,529,462,468,456,265,444,310,401,439
9,0,425,338,488,441,431,444,607,445,496,294,290,290,357,339,407,490,378,249,453,274,430,212
9,0,389,348,326,85,492,419,473,529,440,316,190,339,335,302,339,403,373,243,418,513,501,287
8,0,383,350,474,271,332,342,554,420,534,336,490,358,471,192,195,403,501,323,480,266,292,278
8,1,370,473,287,389,402,637,361,524,186,552,308,532,429,451,421,458,452,433,342,584,273,335
9,0,411,348,281,480,311,358,388,319,378,292,421,250,457,542,512,522,461,352,427,189,368,665
9,0,411,348,417,271,447,373,520,194,424,325,596,446,488,273,410,346,346,427,343,423,388,427
9,0,427,336,441,393,464,403,456,202,425,266,389,372,533,219,90,370,473,382,367,468,540,213
9,1,371,450,481,248,414,299,264,443,446,321,354,484,420,349,366,544,158,457,463,406,336,276
9,1,357,450,274,591,237,636,351,551,268,461,264,522,503,372,311,621,178,541,460,375,372,502
8,1,370,472,374,665,322,459,480,327,248,330,394,361,329,518,254,376,417,556,510,623,318,371
8,0,438,350,299,335,369,328,519,294,425,247,382,484,341,340,499,397,210,358,291,303,617,418
9,1,377,450,338,548,361,429,386,372,344,535,429,493,319,550,445,459,385,490,475,496,493,402
9,1,406,450,292,528,417,320,372,573,464,443,517,442,311,403,430,553,456,461,569,327,398,496
8,1,381,456,352,334,291,323,514,283,233,243,532,530,518,375,448,356,460,413,398,454,448,606
9,1,433,450,323,320,296,442,432,418,483,468,297,315,457,302,337,520,378,274,442,514,303,226
8,1,429,469,373,461,348,431,411,559,613,448,585,330,328,452,265,467,487,499,405,483,241,612
8,1,415,454,465,397,377,262,517,445,484,331,416,415,361,559,442,593,324,412,448,563,354,329
9,1,358,450,448,696,181,352,485,505,390,448,474,535,496,581,194,376,326,346,431,559,512,511
9,0,369,324,417,378,431,609,391,373,398,225,340,419,458,252,379,250,193,424,306,420,248,212
8,1,395,450,472,586,246,418,557,551,266,545,343,363,385,432,467,402,303,695,373,462,348,475
9,1,427,450,430,369,312,390,449,591,485,413,446,522,458,488,439,516,216,364,348,281,276,432
8,0,385,350,315,247,394,149,345,421,455,271,428,320,334,293,288,427,457,149,423,367,474,241
8,1,429,469,428,574,455,244,519,503,377,434,438,565,286,341,606,460,369,661,228,518,508,496
8,0,398,350,379,394,390,70,487,480,533,397,420,284,477,294,287,231,314,458,433,407,404,294
8,0,357,350,270,357,524,211,314,423,363,444,408,547,262,354,461,405,381,223,415,392,408,391
8,1,421,458,626,473,257,474,378,352,347,450,591,273,349,478,381,390,409,293,518,481,374,502
8,1,427,465,338,557,376,489,432,306,495,563,269,576,563,407,515,566,472,356,292,725,358,533
9,1,418,450,515,324,433,432,384,474,497,320,295,494,243,246,339,362,474,404,442,412,616,345
9,1,416,450,608,526,434,445,429,322,520,498,396,353,371,353,448,367,495,356,367,227,403,506
8,1,376,461,279,549,305,463,170,503,356,550,378,581,403,446,326,430,388,607,451,360,376,394
8,0,420,350,461,438,365,188,446,350,330,167,332,293,307,524,275,315,406,380,505,419,378,360
8,1,375,462,321,436,370,390,420,416,484,459,391,602,209,295,546,415,242,608,210,370,370,348
9,1,400,450,643,495,349,508,532,292,520,507,620,467,484,447,316,400,387,425,142,314,268,448
9,0,373,335,519,367,433,273,390,394,337,372,341,418,363,433,484,506,389,324,418,325,443,347
8,0,379,350,314,398,379,425,470,353,337,519,314,503,356,463,334,376,53,389,426,217,352,317
8,1,371,468,407,376,454,579,509,399,291,323,579,373,320,385,348,561,430,473,304,645,531,394
9,0,408,349,497,379,520,470,237,277,264,307,520,204,424,417,424,415,408,260,509,372,350,206
9,1,356,450,363,362,268,496,527,453,270,424,448,480,292,520,392,393,477,462,333,567,337,168
9,1,358,450,343,425,422,492,360,545,174,366,614,375,498,377,382,430,447,374,357,423,333,419
9,1,380,450,315,614,395,536,152,398,428,593,362,414,351,541,222,504,247,433,218,371,313,355
8,0,420,350,466,309,383,311,413,210,641,321,402,203,236,542,327,331,293,472,218,233,408,264
8,0,391,350,434,428,483,454,413,446,386,415,150,359,622,297,474,321,378,315,306,518,471,362
8,1,375,463,405,593,273,494,347,565,446,425,434,315,275,318,235,571,519,612,248,287,335,358
8,1,429,469,489,629,512,506,365,495,393,536,298,617,609,522,504,402,613,476,448,310,270,403
9,1,398,450,512,539,479,432,321,472,322,538,574,502,376,389,284,568,466,476,426,385,411,566
8,1,425,462,369,576,447,291,484,359,369,338,556,425,441,372,281,368,605,425,526,408,436,671
8,0,400,350,418,229,374,449,340,499,351,426,407,327,374,381,435,477,350,359,281,267,303,272
8,0,432,350,502,267,546,475,486,317,557,148,228,492,491,366,420,498,502,448,361,340,510,379
8,0,438,350,454,276,427,383,419,337,436,274,468,358,493,340,486,345,501,260,432,537,590,338
8,0,422,350,543,267,518,392,524,321,481,285,409,277,487,429,310,204,360,404,308,317,446,268
9,0,413,347,523,375,463,373,576,318,574,408,424,321,613,141,390,304,498,464,373,226,633,374
9,1,398,450,508,395,391,639,495,425,488,335,364,546,391,468,287,543,287,499,314,366,404,532
9,0,391,349,429,288,428,351,379,338,383,448,449,244,362,156,388,398,252,496,314,230,449,502
9,1,362,450,260,437,278,229,457,458,418,394,345,447,195,312,370,478,617,533,311,456,457,463
8,1,431,474,473,262,512,363,469,484,503,386,551,349,402,675,421,580,330,478,612,391,553,336
8,0,373,350,316,291,343,429,390,401,412,501,338,593,343,281,425,401,351,508,305,256,344,449
8,1,425,463,341,493,341,341,458,547,497,388,327,438,395,514,414,190,354,473,496,454,286,569
8,0,369,350,190,347,212,256,469,252,434,410,359,453,424,431,376,181,421,314,291,334,301,381
9,1,374,450,512,588,350,565,416,531,270,317,354,475,201,593,224,537,297,350,316,476,391,568
8,1,432,479,477,380,436,515,511,367,453,690,259,518,423,521,478,621,304,202,351,472,314,314
8,0,432,350,345,350,470,436,489,424,441,346,558,323,564,363,521,187,355,392,698,291,504,201
8,1,430,471,478,565,165,551,428,453,355,594,322,505,445,313,578,444,416,503,405,683,420,356
8,1,383,455,387,305,566,471,476,496,371,441,555,495,307,505,567,495,333,483,279,500,307,281
9,1,443,450,411,513,342,416,548,379,339,443,481,370,502,650,278,486,430,563,590,610,497,335
9,1,392,450,377,529,245,563,304,485,494,656,446,437,357,460,366,496,310,479,327,451,392,468
9,1,407,450,435,421,368,346,264,626,275,257,378,692,320,330,291,414,298,440,434,500,252,376
9,0,369,327,233,246,203,424,261,464,268,306,463,348,341,452,286,27,362,120,286,410,514,245
8,0,410,350,471,345,529,203,473,481,389,358,373,394,472,464,300,497,362,231,267,269,440,372
9,1,374,450,370,352,364,691,409,378,343,556,395,472,462,481,375,543,361,514,491,497,329,488
9,1,431,450,450,649,277,464,437,566,536,586,431,477,430,465,527,438,595,542,577,493,320,260
8,0,371,350,308,354,212,379,394,457,473,351,371,275,386,566,191,285,464,329,203,439,405,500
8,1,428,466,500,498,418,410,362,269,409,165,410,420,297,708,524,341,368,405,520,264,541,391
8,1,410,452,426,432,453,433,179,559,367,369,249,302,331,605,401,367,224,471,310,331,421,585
8,1,431,477,467,504,495,478,414,457,566,357,382,570,368,431,484,513,213,525,567,490,351,528
8,0,416,350,567,267,446,404,396,288,478,278,403,318,369,130,480,464,463,331,320,263,473,413
9,0,369,326,370,295,321,275,492,258,292,202,247,484,512,439,274,300,420,400,188,324,447,352
8,0,363,350,410,228,451,266,288,392,459,324,378,225,223,487,370,447,400,326,688,510,435,479
8,0,407,350,620,297,352,251,343,346,395,357,513,305,628,341,261,314,344,184,377,418,368,331
8,1,400,450,315,475,485,356,371,519,428,400,444,522,483,486,307,450,437,402,414,518,331,530
8,1,414,453,596,604,217,342,371,594,380,433,273,272,513,413,587,424,703,414,523,504,332,470
9,1,446,450,586,512,375,492,443,310,630,393,540,455,368,341,578,434,449,389,363,503,514,261
9,1,401,450,397,436,443,410,481,457,295,425,368,398,589,513,520,404,473,402,314,476,362,359
9,0,394,350,374,469,344,582,426,231,232,385,205,409,600,369,333,356,474,269,417,321,370,300
8,0,350,350,368,372,213,338,248,364,247,396,497,290,456,336,477,346,521,298,130,335,389,235
8,1,369,473,289,617,300,377,300,534,388,552,304,354,376,405,277,487,251,560,172,605,384,584
8,1,371,468,482,341,257,343,421,484,489,498,306,581,243,588,308,290,389,494,471,464,434,561
8,0,449,350,329,414,453,477,497,294,407,420,332,271,422,328,390,173,449,448,617,382,449,446
8,1,431,476,509,649,620,436,516,488,223,548,487,475,425,482,415,370,290,392,490,336,568,602
9,1,354,450,392,312,309,325,175,533,386,457,369,405,572,446,369,323,168,362,345,455,538,431
9,1,394,450,400,438,284,536,418,370,360,489,443,223,515,606,297,604,468,313,432,577,260,397
8,1,404,450,515,509,328,424,506,403,516,321,506,325,404,577,649,555,331,664,404,480,450,420
9,1,356,450,201,668,316,544,235,368,301,387,435,405,329,521,218,367,300,509,128,487,272,502
9,1,398,450,385,277,484,331,429,308,459,454,313,468,518,379,290,569,622,452,387,321,285,459
9,1,419,450,423,467,333,271,416,465,396,350,359,420,321,606,476,641,610,460,468,426,500,429
9,1,368,450,350,306,507,444,179,573,309,431,318,370,538,386,444,497,427,510,371,648,397,314
8,1,372,467,116,543,485,598,476,353,230,485,367,445,252,532,302,611,452,482,349,539,323,678
9,0,425,337,414,295,286,456,304,457,393,284,369,473,428,490,606,293,127,344,484,254,356,368
8,1,432,478,430,491,549,441,422,389,406,693,193,676,550,483,314,495,450,448,375,562,401,343
9,1,360,450,409,365,249,471,297,334,225,439,311,486,253,451,188,432,224,512,371,393,408,330
8,1,377,460,593,365,465,429,426,504,438,348,376,584,407,469,305,389,417,523,264,525,183,615
